30
3 7 1 1
3 7 2 2
3 7 3 6
5 11 2 3
5 11 3 7
20 193 20 6
200000 19893 50 8
2 18 999 1
121 10000 2 1
121 10000 3 1
121 10000 1 5
1 1 1 1
12 21 21 2
123 321 321 3
1234 4321 4321 4
12345 54321 54321 5
123456 654321 654321 6
1234567 7654321 7654321 7
12345678 87654321 87654321 8
21 12 21 2
321 123 321 3
4321 1234 4321 4
54321 12345 54321 5
654321 123456 654321 6
7654321 1234567 7654321 7
87654321 12345678 87654321 8
24691111 199998000 1 3
24691111 199998000 100 5
24691111 199998000 5 3
24691111 199998000 99999999 9 